              precision    recall  f1-score   support

           A       0.96      0.77      0.86        31
           B       0.87      0.87      0.87        31
           C       0.94      0.97      0.95        31
           D       0.93      0.90      0.92        31
           E       0.84      1.00      0.91        31
           F       0.94      0.97      0.95        31
           G       0.91      1.00      0.95        31
           H       1.00      1.00      1.00        31
           I       0.97      0.97      0.97        31
           J       0.94      1.00      0.97        31
           K       0.93      0.84      0.88        31
           L       0.93      0.81      0.86        31
          LL       0.89      1.00      0.94        31
           M       0.97      1.00      0.98        31
           N       0.88      0.90      0.89        31
           O       0.91      0.94      0.92        31
           P       1.00      0.84      0.91        31
           Q       0.88      0.94      0.91        31
           R       1.00      0.94      0.97        31
          RR       0.94      1.00      0.97        31
           S       0.80      0.65      0.71        31
           T       0.90      0.90      0.90        31
           U       0.93      0.84      0.88        31
           V       0.91      0.97      0.94        31
           W       0.97      1.00      0.98        31
           X       0.97      1.00      0.98        31
           Y       0.97      1.00      0.98        31
           Z       0.91      0.94      0.92        31

    accuracy                           0.93       868
   macro avg       0.93      0.93      0.92       868
weighted avg       0.93      0.93      0.92       868
